19
23
25
27
30
31
31
36
39
41
43
46
48
50
52
54
56
58
60
62
63
63
63
68
71
73
75
77
79
81
83
85
87
88
90
92
93
96
97
99
101
102
104
106
107
109
110
112
113
115
116
117
119
120
121
122
124
125
126
127
127
129
131
133
135
137
138
140
141
143
143
146
147
149
150
152
153
155
156
157
158
159
159
161
163
165
166
167
168
170
171
172
173
174
175
176
177
178
179
180
181
182
183
184
185
185
186
187
187
188
192
192
192
193
194
195
196
197
198
198
199
199
200
201
201
202
202
203
203
203
204
204
204
204
204
203
202
201
200
199
199
198
197
196
196
196
195
195
194
194
193
193
193
193